19.686492264194015
7.4857614871901035
22.817555254620032
67.64916282402157
81.97425049668217
28.690103696614898
3.7697976494137437
84.4384836811374
110.72072258346779
21.560635548200338
7.573321339126608
101.00238891163801
6.782692094868339
3.5841079030110565
7.925610103260283
49.41742262948057
13.309433336229093
15.575956373514913
14.866961033968524
2.9110803333655157
98.89758409068176
3.5131382656901
117.53265257178347
22.36930653889746
121.74967422113068
22.448869313507213
6.0923156337060504
19.36839917427241
16.738725479957424
7.359058918170859
15.280166026079655
149.25736352115538
7.208848741258778
8.919550524139852
101.03979344812328
115.02018082693618
17.164885993866363
13.010518558284957
65.80321638388907
2.918367674841261
3.9647443673980094
130.5234391359018
2.7963231944014253
92.33142772094092
1.7789358218461484
16.731655907178265
20.729712794377264
99.29565674524392
7.889912447014808
1.5434427617583424
108.83008638637656
135.08376644965026
16.282447261734234
16.912181058818675
21.512411625239537
3.661340538609392
137.63632332214306
1.2994051932171828
136.99961371882657
6.357224667669898
8.11041448852356
108.76519009505736
136.74672523780484
5.568483993501047
72.63608248291277
67.97960858367762
12.300161735666196
15.075244442932986
10.232688961582626
37.72435790149174
2.583056811382204
2.2101130298536704
6.956464252789772
8.17042983024223
4.738163932748392
123.60634838457949
86.14435020933396
25.876489192275187
13.91708184127967
1.5188449747417405
6.666077813385045
14.909818810207954
5.882461961082811
67.6586703242935
1.9772349254619723
21.218530803887433
1.5814666720379762
21.30446155526201
88.0839273722872
14.511440601469845
4.9118653371144205
33.16378012162144
13.660991883085217
6.985336858955719
24.173450106664433
12.724250504137759
8.492286575494832
1.6339798600115796
16.73747852639204
33.92834653524727
12.952981948950965
5.239833283086682
7.928414004694048
12.80341996464449
41.298516245871326
124.9280441070986
109.81064905173182
6.58718465648991
37.90840149320795
36.616363747460895
7.424204160552649
105.40025083817861
68.51369001868736
113.47668657993412
1.5875982158720603
6.401675187643434
8.008169801754491
10.310292705755815
7.352851686151979
115.50055022710976
16.980653122589104
6.488562852795753
74.25772514847833
137.87353357972862
141.92042378668097
7.649901510105792
13.673835454875276
1.6987983335133958
12.714036931190977
141.237670981357
9.532981601975594
2.828715936254963
6.339406506338435
1.486593563590078
3.181434388700127
7.725433845868167
46.70548078423607
9.460054015502351
75.52973835099462
2.8309398837011317
8.010858709039951
9.322107180063142
8.13535079858093
16.503762485905867
22.479615221121293
6.645882478123156
1.3995088793274715
16.079488930156998
90.42413955054721
9.760724014725243
36.36094308765004
21.0817685673546
104.9540399017082
14.975750610605333
6.322280709696656
7.260871372819054
15.32987517223714
5.995326890644208
10.368573355783015
57.60662357536137
8.137428481907818
2.2668186780560986
2.1886019669338466
95.36335511768877
11.080743774028493
49.76043789910054
20.285534586430913
7.523997383929982
6.754074246167392
27.70408669760411
15.061339227253654
1.7579578188429832
2.7801732413729043
99.86349454430498
4.408454803754637
1.9518004030724694
10.017193599577555
18.436614871344545
11.72995901471242
13.80368143643304
5.547513994346787
17.124945619850706
4.093278129928592
20.55979362260649
14.118138859140686
71.1824900350718
2.094409830044566
5.138343198571363
17.774039621743867
16.98165023756968
21.388733925009973
66.41454300887992
6.133908474137286
7.574452220497619
13.37738727433245
30.868840451728204
6.998391207206311
33.634615357629826
10.481730836020745
171.03014431091887
11.306385538651599
28.634221051047092
36.88226793136843
46.28300861155944
1.7007800702783242
112.29088690626028
23.848696186447086
1.8687798274664555
7.111916830924059
7.863888213103905
8.791055232073946
7.827897644378595
11.30057170343625
99.88992864083977
2.105435449929729
8.08098196092726
16.468043440692014
128.17422197473977
5.907389844417453
3.738444457713342
11.731307202993321
2.1821533705776517
11.178125770174546
12.395286339223077
2.4287461639504513
120.8448994448041
88.27345419073009
8.292748858158035
17.87927684232858
21.477731860560027
4.450938104323922
5.585000278307916
8.695939598869161
134.58592096813217
16.481552368931688
6.247351888276285
2.006470715515303
81.51383872636993
20.66306938259143
11.909689027056148
8.364646510720604
3.762313967547766
8.89981471715018
2.385392891916763
48.77173758892215
113.2038337705861
6.485406646140518
16.605752479397097
4.0556337387556995
37.9949756763352
16.520086281921635
110.68661948907979
3.8014603982804545
16.289059310048316
57.12079255532305
107.28261298712869
94.82438996972857
5.371487600922194
4.124090870829434
25.646426940791827
12.28462401810859
29.0151985686407
6.653365284955953
12.493343002503266
25.087729115086148
15.423271718748481
3.294049937019254
7.670259410486835
70.07743710178087
7.652973133897121
22.59550127758618
18.735939788983217
5.166858531742719
8.029989650160331
20.441211183078195
21.15475521965456
145.37258345423479
2.2339054555677365
1.6411617984277609
7.656929813033997
15.247715969989144
68.48779621631112
2.4411373319777296
1.2578051739193097
108.86768719110151
103.18028388901925
6.8515599189788645
37.521726677387704
31.277084749813724
79.35942051044728
108.18287486200902
113.80043806641024
17.37042953294153
15.8803625985596
7.111795163610793
7.994783950327019
2.926922708998018
7.757261008181615
2.1684024741235817
110.96039912566934
2.128203436522314
5.777971546449805
43.315968946489505
6.022852555888194
34.09791106550969
34.35999337806763
57.496756620495376
19.937683841800805
5.032340548878437
3.140255087064902
13.780138047662122
132.96361143627587
8.66633403057287
7.355966133468854
16.855868041632334
68.47669094955833
10.735725259847273
2.9131151317651076
13.122920615170786
7.74178056175495
28.571274226402664
2.9172691723341986
2.297752429104692
3.721020346316523
21.121810921811175
20.933356937042163
4.152099221258425
8.62171205352209
2.256511695790523
4.4936056598875505
25.27740456689432
113.90006055960131
25.222141519682367
114.18036770738235
5.073727470853456
3.3453225415385943
3.558570911856323
6.482107688201581
15.107647465646638
72.31691331085048
16.404335807496807
5.122772305131179
2.337072215877926
17.013936393583265
4.121641276104897
6.046115499254938
10.472354923040996
8.97509847319003
6.098598373653687
88.50221311133984
94.74148719507795
33.23593859547469
25.441430324299148
36.84217148701586
1.6029769964265494
90.70243697305872
54.582655236685554
26.468237000601533
8.137059746616416
18.126940591750213
16.554672573461943
8.015795620053723
7.072387992297565
7.8105763054416
5.868351314073777
7.32659193192967
3.01204735183357
32.318105122220004
8.95730889368528
2.45338195610874
2.503512929629278
7.8654730592939766
2.9438847756444786
6.375272508487342
1.7995798984425744
2.809889952780833
74.71403031733607
14.553153691716886
16.67181210881631
1.3430640607962527
13.468633947632128
43.42172083419425
19.393384575126106
102.17010923722987
11.722502132580276
6.596604082023475
7.326710472672119
3.6447337061866962
4.812844948937113
3.8508274417547286
5.318647707225196
4.152810772469736
23.92774230680635
2.1245973840819206
8.165001356796296
12.547001467798141
92.26563548705619
17.052585459268414
18.719772079942658
47.132354793548046
2.0781148231117754
2.192025035839902
4.087544011179575
8.270338754436494
15.551926545863864
4.076659578766862
1.4696354188903353
2.523855986720588
121.5717074482055
90.71167360593378
107.75447861289135
15.018362453252351
126.71974160711397
22.540472512479226
28.415785990900275
11.691459442654805
15.263718509772673
2.3687671499132934
3.021765049723837
8.353952576100683
6.507366316792258
2.2526671068968667
28.38788803066913
7.9767395893104265
11.963618647004724
113.39798628797448
8.421802879035084
42.42379210952703
1.8057360346744815
4.546114148471902
146.1015139570096
2.3524648730097626
2.2919959820640385
2.784344223083406
15.354426600811223
13.990976087927011
2.1627520801612845
29.567777514791686
11.929338416344168
103.64978501057917
16.15596488196158
18.394961429345187
50.188914635612235
7.137831058007805
7.856939697319973
156.98538311963213
8.271438111840098
5.760764630790277
36.48277342762802
104.47058768578094
7.704337688125946
7.760588478225429
1.8701060268249137
16.126887628830332
11.577522282433707
16.99885730152141
16.069434238916045
2.543352803524557
2.3041335519526456
17.800767583106563
1.6342905133191448
145.7203339881506
127.59945417311255
6.874514330248644
14.272826234317165
6.799643565072216
92.32856392113271
30.488779423999944
8.693534188584863
33.273990079967575
8.378639289610533
58.795194462193706
8.236926627843275
6.424029957381492
2.29920200690657
3.1489685136361643
99.58347105269078
6.044200870184284
118.86300374773086
55.91974593270183
7.964993022508025
106.8909349053857
8.224051729077416
132.30807509088112
1.5110969380263566
1.990594814516328
37.95397781253283
65.01078985454274
60.65460164413943
3.2153871244740175
19.78781506925779
7.189563959833521
57.25396419804551
12.58602391515197
2.1765734148553135
2.848396541339953
100.0981716059591
16.64600319340036
1.536927835214027
13.661744730403313
12.944930340833908
90.94502528527593
20.935732991051736
1.7529666544972156
95.59007073002087
10.196102583498885
65.78768061088724
12.98149876042905
35.136106187688114
61.46861201813843
4.458887776406897
7.986732632419233
6.308617836326135
8.56492541548256
93.63386750180311
1.3466938568777322
12.747060125071414
6.786764556982064
14.741278172550395
45.765685777684396
8.366020270980215
6.333869763200539
27.218012217476655
10.91898884619272
30.255741439256383
1.5641044659494991
17.396811968656237
35.41395181572986
4.205652464210869
8.111629271203697
18.971339021386
67.21429218526734
13.154390679845193
10.019852902928449
74.89196255603642
106.08607414456398
2.2051284293024778
9.986768575870798
2.256311212557904
2.1342671386977656
44.65227938037626
84.64314702094859
16.612687676430596
44.264882299977074
106.52310948094438
100.01590468036625
7.059767959933822
15.819079802278083
3.147837860256897
4.393906635483717
127.54671555861759
78.79749405727748
10.663490816370516
1.8369493134783852
158.29081375147675
7.697482452067761
19.418809172894697
106.54410364154646
111.12774333382228
113.95341974504319
16.259937523532898
23.071669311552768
5.003583319066451
51.781442265138
2.2181741654179916
4.513111159765345
117.95848869194916
13.977289896611952
4.146215849001135
5.781521132827891
106.99021187144987
19.87537976828375
2.987819721446482
61.52275450599248
13.95771501355543
22.542421025907316
8.9722231592973
7.026059728993232
17.263142118995148
5.72341309662886
130.55151593495765
13.757618799888606
14.17304069030783
16.341246696555316
3.2275512219876648
44.05094488714221
2.4266973790648594
107.31997355630367
50.59222472929622
4.121430265161366
8.507694325619923
10.548795198412309
14.221216548780774
1.6423361823162008
2.086077453611297
108.96534246119401
101.22708211141239
142.9998725807063
7.512833320109962
89.56200967461083
8.055861053730666
1.2695525457846213
1.1993641323671522
4.03759500818681
1.2415456409024443
17.187898634758255
35.76649454181674
6.015661087157668
15.76555893968029
7.9887498643319645
76.78143747495719
100.72661694677001
2.3740379345684643
7.8486716334527955
8.276925801207891
7.44457646030304
101.68864065672832
81.48204362681744
115.06227700378756
62.957315680251526
109.11410639084735
8.004517338996067
13.066580757743255
4.502659258205199
46.05494768542704
2.0595901549384337
1.8276797430516478
75.872274277656
21.820110856148602
89.79785037503834
1.0440079460178537
1.6279556755122655
1.6146924239479301
3.2174270934967537
14.945541563491675
9.360008907780726
121.86516348774114
81.29385013143005
8.1963049320035
3.3342809154580495
3.3228235890641997
2.5421034517580665
37.039465251413475
37.3929585259047
7.74841806046669
109.53579026420238
12.98899723777251
4.445823042492248
30.479806560887823
7.635745804769158
3.717830393537413
105.05959987334288
16.77876097419096
74.79957353763834
18.170388115295935
7.724341345822609
136.5792843338083
7.839496812856993
3.4159404794815784
7.989546062879953
72.75805871988288
92.46764634217843
13.004375709033043
4.724400989164678
1.9017729642888241
6.727227774341884
5.834066640067874
122.49000454403298
5.233801873094933
3.998028072767579
17.82376501146777
18.570617358059508
6.7366957772474905
0.7846480412881658
22.1825552083219
21.980818540575086
5.414477401467395
2.0871286723312905
86.77162792647309
6.397319193098554
16.717988436284713
6.1085896668637085
9.214359582764617
43.237336039196606
58.677085555723295
111.77002966015161
12.044712737832784
7.4757870165585425
96.23405437210553
85.7096821891773
90.806559636038
5.247445794291252
64.71482754919029
41.9518246902139
129.8841543780834
23.85750968523297
1.74911087446779
8.582183876423047
2.3034952728369946
6.78005550700982
34.848458090660046
6.102284111713061
17.593850063899907
18.342477832003084
111.47782413707111
2.856220781294269
79.17621607440887
8.478096031411582
15.83980702842888
20.816099826724297
9.675665272450686
7.553399323436565
21.534584635849967
2.2360695252039036
101.70461424629124
3.877411106783711
15.809947106410277
30.058330018659007
13.001247595503571
105.4166566956005
1.616481829334533
17.251730485560415
6.62494033194352
2.24741151785267
5.937403028134327
138.02304508029383
16.301134939050144
16.297157814338163
3.398264075801451
18.086817019859183
97.04792270816321
153.090271542988
8.004717218871292
104.52583177819949
29.849448083146882
1.9160349323280002
2.01101503023487
31.41237707615886
16.9895997215082
1.3515275388639634
8.381694178594302
10.13684039408355
139.81311271600325
14.087467793153992
9.453486729431916
38.02114335454414
2.524295892583383
2.116017652138227
5.6434127118151425
74.70758610579239
10.510417948785149
6.254841249451289
28.55470695623464
132.1620876007198
2.567148863905385
8.226639013531724
37.39563149545077
98.42412514421468
2.766988251562452
3.6188490109065414
7.581866080031801
24.398551830318382
26.398362653608928
46.0731023503339
25.19448822464517
13.093390709330492
11.48580095523002
8.397757722297712
3.4873467670022094
15.480925596490666
8.69005180665394
2.1704267740931598
7.7612293240210875
2.7205118931970107
43.32682114578611
44.56409599943342
1.9251458894595157
3.274669005339008
101.93960731288891
12.438808714709467
2.006075931146229
7.596783621960583
111.342433890754
13.58739263636207
97.76774918508178
2.007351495540746
6.666513809655698
7.8436936932595245
7.984815423163099
7.480695776841856
2.0728454074827143
4.149111955647925
9.742099868054
68.00927812123018
6.520153025270702
7.6231744174849325
61.45012280946739
11.985310088528735
12.376384328161153
22.648943868309686
118.38255557749434
6.148997898284165
13.841280229085188
4.124243774602445
94.54256210619482
138.39587179860987
7.340677815541
16.949229777915406
25.3457780805239
7.974056065732697
3.2901890607812447
69.13763379055635
7.859489627350683
16.539635719417902
5.639784869629864
89.58019634566949
1.8782941756231264
19.00761324691402
16.879938424737105
12.633977075378398
42.34382182146737
12.505495016869846
11.546321722196438
3.3912166462655478
1.6632015563851326
95.684462844087
7.432158951747198
10.59086333023467
18.363697072770606
0.9883760592908288
125.79911136134712
86.76645578689292
50.9328140276196
1.9292372210484257
20.292213129997123
12.865034948217529
9.37958705792326
6.34482971722781
6.67581844418828
6.938652689368041
7.516568054216805
2.5245697429846077
17.07006018508173
43.62960285385597
6.675777639138715
5.473197471562117
6.5865370594517
7.403040498240358
49.61746503218623
21.00854936250761
105.0516438943292
38.603850110954085
76.44283116653011
12.878080029933558
31.71956166083109
120.01682229336595
8.991862879252238
81.69340895588343
7.578478333673331
36.49208925923489
52.05865114458652
4.370287182144239
125.55812065394397
7.163707163006791
1.7512497290566966
49.515733389669066
6.836464693363155
6.706195448529456
15.308453441754978
31.721117781006285
7.964774752269961
7.945831040142167
13.214158400048378
6.012986283086434
6.4008076443402615
116.36033024146036
3.056299594111448
30.16066636175603
3.11560305371907
22.280142742623383
104.43942078510415
8.145198363045012
21.905522174202417
5.734866466926264
8.226738287443538
23.082343362171258
99.28996320052144
7.769068914547063
1.7674147842998889
11.312819593845774
2.09763071292909
45.880099577676276
9.681231652164229
104.93314734519637
16.856067761971417
16.617261623778575
2.3203531235503476
3.0928275795394713
104.16187499616714
87.73462041668867
25.503801884976838
105.8602575564615
77.13686052888272
6.219013469234369
0.6830403322075835
1.6597610756167296
7.657936232008836
7.083256783979948
85.26388018562986
59.459100091247336
39.14736145227718
7.099668311090198
2.696365506957791
5.2302625219826675
1.930809666710627
16.960900719909517
6.6874945740463545
21.421188577447197
132.38705425700917
2.0347018161220674
16.076223684227415
135.28976766566856
7.931955154314835
17.012799440255264
2.9445754765713175
118.83056339671856
109.03187776881597
5.4245608662017455
16.85799271133115
7.763709471237718
39.38237892053891
3.720314656245006
63.0893331242747
2.4882645426104775
2.2537863254066623
132.96605715749672
16.681366401152218
33.128337342610735
30.432134680003486
7.128843047219789
45.382416550298075
86.35711087179476
1.9460575705755048
6.251042687518293
120.05790919821908
16.411427415870918
1.6694877451551815
24.422500314138233
7.524422681190629
6.841058255480647
69.3434237217102
2.494130682517164
22.67252084860783
115.57118807133858
131.05806345270202
139.01833220078467
16.83295581896658
12.181825611080713
15.954994142204356
117.89262692971295
8.343724739880344
1.6958345606526006
16.711869980347615
45.76618389135055
13.954665327463289
118.33473679948969
28.509821853958357
15.836124733290234
2.007833540071755
16.85072331861312
15.905469169186604
2.1994110641930833
4.08630707736947
1.690399221233663
54.03413243547888
93.13420292396253
106.17321988013359
105.43282824121596
107.19240357903348
38.66414744973733
4.576174800396257
12.236121025368092
50.888844446137995
17.029592998601203
7.550280483650397
1.878928562856147
28.190720643724006
6.858015948788903
1.6851244389388864
7.348415596032453
38.85519873115376
6.163022272608828
1.9514131540554172
95.34166634662537
17.628587916570012
2.036017576943408
73.82459904112713
16.634291362354986
7.2953695879836005
52.7001934664348
3.339851800777255
1.435981352829118
-0.9646433175025482
0.7507196598306802
-0.3334506385408804
-0.29771970837074835
1.4099048705114228
9.906908231513372
-0.7067927962974239
-1713.705901658024
-6421.47721920311
-7447.7263879916
-7960.435018659501
-7460.205896474083
-1552.0920977404217
-1584.11189925186
-1436.108124425571
-8001.85436545639
-8142.26169871134
-7349.807134438993
-6729.679181366526
-7904.664005227271
-6013.766074482038
-2115.077053966513
-1580.4330218476432
-1493.1052489675287
-4286.580979038833
-7553.678896626453
-5892.3225325932635
-7733.130539010374
-6034.519365553448
-5666.364316402764
-5650.300637523309
-2130.5032535657547
-1511.7142326188084
-6996.415781043893
-5963.962895989788
-8010.112359699441
-8087.0960540862025
-6014.251998647264
-7830.5988362116095
-5733.568049107358
-5646.5411708540705
-7977.706004272147
-5753.926831812087
-5770.599208468817
-5306.632681115178
